2 9 6327 11375 9389 9291 11340 12 11180 11075 9200
2 3 6301 253 377
2 6 9343 11349 287 6400 11272 354
2 4 3258 3367 375 6521
2 3 11106 379 11350
1 4 11413 417 3410 466
2 7 9573 3403 409 458 11438 9465 6497
2 4 9546 493 548 6259
1 3 3690 519 11486
1 3 678 521 11516
2 3 6570 529 11494
2 7 3496 474 572 9454 491 11427 3562
2 3 6626 628 11584
1 3 11640 678 521
2 3 9661 686 6720
2 7 3703 6708 688 707 3688 11653 692
1 4 11486 694 3679 663
2 4 11625 6703 701 6720
1 3 6723 704 11666
2 5 12663 3481 736 3498 1804
1 6 9857 3931 743 9710 6777 9737
2 5 9817 6924 799 3861 11805
1 4 3865 833 867 9849
1 3 3973 863 11895
2 3 6846 873 3957
1 5 11747 6908 3905 890 11811
2 4 6990 3936 895 11818
1 6 3715 718 908 3806 6911 9774
1 3 6875 910 9907
1 4 3959 956 911 11834
1 4 819 955 851 3968
1 5 10024 4098 962 6959 6906
1 6 819 9826 3923 963 11882 9904
1 4 6950 960 975 9932
1 4 11895 976 1109 4109
1 5 1145 9964 1013 11923 7132
1 7 4115 12101 1033 2095 8092 2033 12883
1 4 1088 10087 1108 792
1 6 7045 12054 1132 12054 7083 7138
1 4 4064 1147 4003 3456
2 3 4321 1275 12114
2 7 9512 4209 1775 1292 1327 9292 12157
1 8 7363 10274 7447 1238 1321 1238 7447 7391
1 6 4416 1381 12164 1268 7436 10278
1 9 10232 12176 1605 1400 4363 1577 4554 7426 12210
1 4 7402 4327 1409 4416
2 7 4608 4390 1413 13405 12277 13404 7642
1 6 1919 11687 1459 7682 4629 7775
1 6 7531 7492 1488 1253 4293 12127
1 3 2171 1494 12064
1 4 5231 1509 10668 8214
1 5 4058 10421 1519 12344 4469
1 7 12859 1892 12461 1562 7517 11757 9814
2 5 12210 1374 1592 12417 12431
1 5 10144 7948 7596 1612 7625
1 4 1568 1624 4643 1639
2 4 3992 1628 1036 4619
2 7 10570 7876 7802 4808 1735 12681 10688
1 4 7840 7745 1747 3750
2 7 4809 10675 7763 12654 1802 4246 12261
2 4 3010 1804 3498 736
2 6 4665 1369 1685 1816 10580 12563
1 4 1866 9880 1867 12667
1 3 4851 1874 7872
3 3 10743 1914 12887
1 4 1459 11687 1919 10671
2 3 4972 1969 1891
1 4 2040 1984 13241 5097
2 4 12843 13212 2001 7950
2 4 2089 12726 2004 7977
1 3 4887 2008 2011
1 5 12744 10851 2016 10795 12806
2 3 1891 2056 12707
2 3 2012 2100 8015
1 3 4950 2105 4106
1 3 2152 2173 12964
1 5 8193 2192 3109 6008 11012
2 3 8214 2213 10400
1 5 5107 2132 2228 12933 5220
2 4 2081 3123 4897 4978
2 3 5084 3165 12719
2 3 4978 3181 7919
1 7 6292 3350 3293 3203 11453 9466 11477
1 4 11293 3359 3242 3379
1 9 6357 6294 6337 3276 6302 9299 11225 11377 9271
2 4 3296 3319 9262 6314
2 3 6488 3397 6549
3 3 6469 3444 11562
2 6 3553 583 494 3462 9429 11542
2 5 485 11420 3476 6504 11483
1 5 11679 11522 3484 9551 9567
2 5 418 9449 3492 558 3580
1 5 514 573 3514 11517 6534
1 4 466 3410 3581 6573
1 4 6613 11593 3594 9607
1 5 11586 3614 11787 6643 6700
1 6 3660 658 9600 3641 607 3780
2 4 6695 660 3663 9617
1 9 700 6730 683 3672 6702 11661 731 9707 3748
2 6 831 11791 689 3685 9825 6890
2 3 519 3690 9666
1 5 11650 3702 3733 734 11654
1 9 4525 10451 3427 4986 8081 3742 8127 12750 10899
2 7 3707 11686 754 3757 9576 9423 6455
1 4 773 6790 3773 6788
1 6 12859 13216 13215 10783 3834 2069
1 4 3973 3844 10163 11818
1 6 3957 6929 3847 822 3824 6845
1 3 833 3865 3882
1 5 3968 10027 3901 12066 9990
2 3 6732 3906 11830
1 3 6913 3922 3956
2 4 3943 3924 11816 6889
1 6 6766 943 6917 3946 6960 9898
1 4 3922 3956 9599 11586
1 4 911 956 3959 9909
1 5 9907 1616 3976 9752 6606
2 4 4037 10043 4010 10098
1 8 9984 1110 10084 1006 4053 7099 12084 7071
1 6 10061 11910 1071 4145 4076 7164
2 7 940 9755 7143 4124 10056 11810 11746
2 4 4058 4144 1139 9958
1 7 7433 1284 10247 4287 12221 10318 12459
1 4 9601 4345 7345 7289
1 6 4223 12288 1396 4401 12232 10232
1 5 4075 10103 4529 12433 4613
2 9 1588 4592 7526 10433 7652 11744 4572 930 9831
1 3 10370 4597 12489
1 4 831 4601 1445 6696
1 4 1598 4589 4604 7638
1 5 10522 13402 4652 1648 10509
2 7 1772 1807 4847 4731 10678 7848 4809
2 7 10570 7841 4750 10664 4815 7838 4797
1 5 12024 10532 4830 3613 7840
1 3 7978 4889 10820
1 7 1636 4755 4825 10454 4901 12793 1896
1 3 10820 4938 4972
1 3 4892 4942 10855
1 4 7604 1822 4943 12861
1 4 2040 4954 13242 5010
1 3 10760 4993 10904
1 3 5028 4997 7963
2 4 1960 5060 1473 4978
2 3 2208 5143 8255
1 4 10513 5167 10947 11008
2 7 121 3220 3190 97 6077 3135 9200
1 7 100 9036 11029 9204 6080 9204 6115
2 8 160 11168 3154 6097 9199 11177 9110 11086
2 3 6286 6241 11456
2 5 9438 9357 6296 3272 11312
2 3 9315 6318 6384
2 4 6280 3309 6359 6413
2 5 571 3571 9555 6418 11542
3 3 11417 6421 9416
1 5 3548 11536 6431 9468 11479
3 4 11446 9458 6489 11471
3 3 3561 6513 3355
1 5 3514 11517 6534 3545 9570
2 5 3552 3758 6536 9510 11465
1 8 523 547 3540 9565 6566 6544 509 3478
3 3 589 6594 11417
2 6 6420 9571 3767 6596 11405 11437
2 3 516 6598 3262
1 5 3650 6668 6666 11590 9620
1 4 663 11623 6680 3660
1 6 6667 3645 637 6695 660 3663
1 5 11646 9656 6697 11644 11659
2 5 11654 6707 3687 6705 11800
1 4 704 6723 732 3703
3 5 3701 3704 6706 6729 6747
2 6 9737 6762 6759 9717 6775 11702
2 4 620 3598 6792 9734
1 8 3938 858 9881 6800 6832 6896 3871 875
1 6 3816 790 13223 6966 6812 9764
1 6 6906 9896 6817 9896 871 7213
1 8 11768 844 11885 6996 6818 845 874 6867
1 4 3957 6929 6823 11758
2 4 3966 6939 883 6843
1 3 6788 6973 6946
2 4 9602 6998 11583 11586
1 7 1367 8026 7240 6999 1893 11865 10144
1 3 4185 7054 10012
1 7 4196 7027 11986 7071 12084 7099 4053
1 5 2054 7905 7080 10816 4106
2 4 9962 3854 7088 12989
1 4 10001 7090 1579 12420
1 6 7527 3994 7118 7612 12470 12498
2 3 8223 7133 7996
2 3 10073 7164 4076
1 3 7107 7170 1065
1 5 1048 7183 7098 6954 11798
2 6 4037 12015 9956 7200 1124 9971
1 6 3816 11737 7213 871 9896 6817
2 4 10799 7250 12295 12142
1 5 4287 10247 1284 7433 12149
1 6 7546 4476 10374 7451 10498 7622
2 5 9910 7306 7458 1586 10516
1 5 7580 7459 12012 10364 9958
2 6 10001 10255 4237 7428 7465 12114
2 3 5163 7500 10390
1 5 7118 3994 7527 4491 7138
1 6 1614 10395 7541 12233 10131 4303
2 3 8054 7548 12981
1 6 7295 12125 4566 7559 7572 10398
1 3 7770 7605 12940
1 5 10994 12937 7636 12438 12479
1 9 7319 4639 12475 7645 12167 1577 4554 7426 12210
1 5 1459 7682 4629 7775 10671
2 3 3010 7787 10684
1 7 1834 10623 4697 7799 4777 12520 1774
2 3 5084 7919 3181
1 3 10912 7968 8080
2 3 4989 7972 12710
1 4 2004 7977 12855 10793
2 3 8065 7983 8071
2 3 7133 7996 10908
1 3 12823 8017 13085
1 5 5037 1923 8073 1920 10840
1 3 10832 8089 12810
2 4 4879 10957 8136 12391
2 4 10946 8143 10998 10939
2 4 12453 10943 8187 12964
1 4 12981 13373 8219 8248
1 4 1598 1585 8238 12964
2 3 5143 8255 10975
1 3 7978 9137 11194
2 6 6050 9149 3182 11091 3045 11147
2 7 3140 57 70 9197 11068 149 3151
2 8 6242 3310 415 592 9221 6099 11057 11127
3 4 3522 9238 6218 6263
2 8 3386 9251 9329 9406 13265 6397 9393 11380
2 3 9309 9281 11346
2 4 7239 9297 11345 6237
3 4 6389 6257 9320 9347
2 5 6282 6334 9334 9277 11260
2 4 9315 9379 9269 11317
2 3 321 9388 3340
2 6 3384 266 9398 6375 9290 6259
1 5 6464 13205 9412 11554 11539
2 4 3516 9444 9418 6583
1 5 3548 9563 9425 11550 3562
2 5 13011 11732 9490 3533 6531
1 4 6524 9497 482 13116
1 3 6793 9582 3604
1 5 3596 6614 9586 6611 11901
2 4 4345 9601 7291 12149
2 5 720 1655 4437 9653 9810
2 5 3686 6704 9677 9680 6741
1 5 3548 746 9687 713 11659
1 6 9767 6993 9785 9933 813 3816
1 5 9767 3794 9800 9846 11825
1 6 6845 6869 9820 862 894 11650
1 6 6950 3950 6965 9860 7620 9823
1 4 6913 6940 9874 3882
1 3 9823 9893 12473
1 4 6889 9894 11845 11858
1 7 1047 7152 11938 9963 12077 1087 4152
1 8 875 6744 7198 10009 9979 7153 10094 1048
1 6 7097 13143 12350 9982 4183 10057
1 4 3901 12066 9990 4159
2 3 7097 9999 12467
1 5 1200 4186 10000 4157 9971
1 3 4139 10023 7069
2 3 7011 10073 7164
1 7 1047 12095 10080 12014 11918 7159 10377
2 3 4010 10098 4066
1 4 12372 1600 10106 10811
1 4 10024 10109 4065 11956
1 7 1612 7596 7948 10144 11865 1893 6999
1 5 7408 10250 10221 12195 10438
1 6 1400 1605 12176 10232 12232 4401
1 5 1349 10270 4353 5063 10311
1 8 7381 4406 10307 1425 4621 13382 4434 7642
1 6 4626 1650 10344 10283 1417 12127
1 3 10513 10360 12479
1 4 4597 10370 1564 10717
1 8 10080 12014 11918 7159 10377 4125 12407 10404
1 7 4445 10381 9754 9721 1436 6717 11650
2 3 12420 10401 12854
1 5 5223 12903 10419 8197 10946
1 4 4613 10456 8045 7531
1 7 1083 7035 9959 10462 10446 7568 7540
1 4 10263 1589 10464 7598
1 6 7642 13406 13407 10491 1209 12472
1 5 12453 10502 12496 1654 10347
1 6 1277 7463 12302 10522 13402 4652
1 3 8054 10538 13217
2 8 1772 7871 10577 9659 4290 12263 675 12261
1 8 4449 4540 7615 10615 7615 10586 4402 6974
1 4 10552 10624 4857 7760
2 6 10570 12523 1697 10631 10628 10688
1 3 7775 10671 1919
2 3 7787 10684 10552
1 3 1914 10743 12806
1 4 4908 10765 13214 12827
1 4 2097 10793 12855 7977
1 5 10106 10811 5014 1822 7604
2 3 10915 10812 12751
2 3 2012 10829 4957
1 4 11145 10859 10877 10908
1 4 1945 8057 10895 12873
2 3 2012 10915 10812
2 3 2216 10929 7842
1 5 2227 10933 2175 13273 5107
2 4 5168 10939 10998 8143
1 3 2202 10972 12908
1 6 10975 10985 8208 10375 10418 12409
1 6 5223 12909 8196 10999 4570 7589
1 5 10994 11003 11008 10947 5167
2 8 11186 3120 9120 9408 11202 6324 3310 6242
2 8 299 329 11215 11327 11160 6120 11376 9279
1 6 3273 6320 11218 9314 11299 351
2 5 3152 496 6381 11291 9317
1 9 6327 11277 11394 11262 11309 6291 3221 3389 396
2 9 6601 9577 452 11458 11321 365 11348 11377 9271
1 6 6384 6335 6399 11332 219 351
3 4 6389 317 11366 332
2 8 6262 6315 9313 9330 11379 350 11217 6316
2 3 9509 11388 247
1 3 417 11413 11430
2 4 3495 3509 11463 6533
2 7 6338 372 9514 11496 355 11281 9271
1 6 9412 11554 11539 3537 6561 11679
1 5 6780 3782 11570 776 3780
1 3 11577 11580 11586
1 6 9910 10478 11589 6737 10339 1527
1 6 646 9606 11592 3649 630 9602
1 3 663 11604 9620
2 5 6685 11610 9643 9608 6647
2 4 6747 11672 3728 11689
2 4 9548 11689 3728 11672
1 6 11586 3609 797 11741 982 11858
1 3 3863 11782 6845
1 3 3650 11794 6613
1 3 9833 11829 11811
2 3 9832 11830 3906
1 5 6843 9784 11837 9856 3968
2 7 11747 804 11839 11826 919 3903 6950
1 5 9771 11868 11857 935 949
1 4 3893 11905 9862 6923
1 3 792 11919 1065
1 6 7005 10026 11921 7162 10091 11969
2 3 4139 11943 7069
1 4 1176 11956 4065 10109
2 4 4091 1089 11982 11913
1 4 7191 11991 1096 10058
1 3 1106 12001 11895
2 5 10311 5063 12142 12295 7250
2 5 4321 1430 10152 12180 10278
1 8 4320 1313 1274 10322 12268 1401 7396 4211
1 4 10313 13376 12299 12113
1 8 10778 6968 12401 1528 12313 1643 7599 1559
1 4 12494 12321 10981 12349
1 6 1492 7562 12363 1170 2061 7603
1 5 2097 3795 12372 1600 10106
2 8 9512 7774 3472 12390 7681 12580 4700 10696
1 8 4525 7631 12432 10480 1137 4140 11761 10068
2 6 3732 7462 12459 10318 12221 4287
1 8 12543 7785 4821 12565 7889 4855 12611 13059
2 4 6696 12709 12568 9727
2 5 10688 12668 12608 10557 13059
2 4 736 3481 12663 12603
1 6 4801 12686 4729 12669 10558 10899
2 3 10764 12719 3165
1 8 10531 10713 7693 12590 12737 4823 4849 1774
1 3 2051 12746 12873
1 3 2011 12755 10832
2 3 12874 12762 12817
2 3 8116 12794 4927
2 3 12744 12800 12887
1 3 8089 12810 10889
1 4 4927 12838 7930 10788
1 4 10866 10847 12886 4064
2 3 8223 12929 12989
2 3 7842 12935 2120
2 4 10928 8164 12941 10976
2 5 8203 5165 5200 12951 10959
2 4 8219 13373 12981 7548
1 5 7589 8226 12996 8190 10980
3 4 6103 11333 13070 11446
1 3 10842 13085 8017
1 4 10172 5052 13089 2051
2 3 1993 13211 1974
1 3 9780 13255 9914
1 4 12215 13408 1291 12144
2 6 117 71 6154 11191 110 187
2 7 117 11109 9234 320 248 11234 354
2 5 121 3220 3116 6135 9267
1 6 122 6145 65 3192 137 6176
1 5 122 6145 9170 6184 100
2 4 156 11197 11044 6164
2 5 156 6093 114 9218 11114
2 6 160 6073 11165 9107 172 3140
2 8 160 81 6189 3124 6143 9188 11166 121
2 2 247 11264
3 3 265 9374 9438
3 3 265 6342 9483
2 4 265 6342 3194 3296
2 4 265 3255 11358 11342
2 2 296 11221
2 4 306 3247 3313 354
2 6 306 3210 11336 6305 3390 3335
2 6 306 3297 6243 352 3345 11235
2 4 306 11290 11220 11241
2 4 310 6459 3219 6371
2 3 310 233 11342
2 3 321 293 3258
2 3 332 11251 3325
2 3 334 3324 3380
2 3 334 279 3381
2 2 334 11260
2 2 362 3380
3 3 377 6378 3369
2 2 383 3307
2 2 383 3386
2 3 385 11303 369
1 2 385 337
2 2 391 9498
2 2 391 11456
2 3 391 3314 6336
2 8 396 367 3332 3304 6492 9460 3426 3578
2 3 399 13263 332
2 3 400 11357 11301
2 4 400 11357 11329 11274
2 3 400 13206 3393
2 6 413 9448 9339 11323 11351 396
2 5 418 6554 9531 11487 523
1 7 464 11455 6615 7322 12254 7370 10253
2 4 466 6522 9494 11399
2 2 485 9434
2 2 495 3398
2 2 512 6533
2 4 512 3493 6688 3655
2 3 514 11481 3535
2 4 514 6559 11432 6440
2 2 516 3516
2 2 516 9536
2 2 516 3576
2 6 523 11513 9424 473 9552 413
2 4 525 3543 441 11477
2 3 525 504 6497
2 4 563 11547 3423 11494
2 2 563 11531
2 4 568 737 3755 11683
2 4 571 3571 11497 7857
3 2 587 6570
3 2 587 6469
3 2 587 3547
1 2 596 11581
2 2 603 3604
1 2 603 6631
2 3 620 3626 651
2 3 620 9751 9734
2 2 657 9635
2 2 657 9614
2 3 674 6677 657
2 3 674 6677 9635
2 4 692 11653 9515 9681
2 2 692 3705
2 4 720 12697 10457 12305
2 3 720 4508 12437
2 3 720 12497 1527
1 4 740 13233 3735 3902
2 5 740 13233 3735 932 9857
2 2 755 11702
1 4 755 752 3751 6962
2 4 758 6955 9689 6734
1 6 758 3761 6764 9719 13218 11707
2 3 773 3776 603
1 3 778 9745 6780
1 3 819 9826 923
1 3 832 11807 12083
1 4 875 3871 950 12083
1 4 885 11854 13220 740
1 4 885 903 6936 11825
1 3 885 11852 3902
2 2 922 9833
2 4 940 11792 6925 11747
1 4 940 3788 1122 1005
1 3 947 11867 6912
1 4 947 3851 6871 3951
2 3 949 965 9771
2 3 954 4402 6974
2 3 954 1604 12437
2 3 957 11879 3944
2 9 957 6989 11750 6684 664 6686 11643 10466 12189
1 3 971 7547 9727
2 3 980 9869 6986
2 2 980 6933
1 3 981 11898 928
1 4 981 856 11831 3951
2 2 1047 4189
2 3 1047 7108 10062
1 2 1061 4064
2 3 1065 1201 4206
2 5 1069 7189 11980 11944 4137
2 2 1069 4037
1 2 1083 10044
1 2 1086 7107
1 2 1086 4206
2 3 1157 7093 10004
2 3 1171 1099 11913
2 3 1171 4105 10101
1 3 1176 4095 12083
1 2 1176 10063
2 3 1185 4119 1157
2 3 1185 11936 10016
2 5 1221 12236 10306 1372 12279
1 2 1224 12118
2 7 1278 12130 10136 3280 7320 10133 1821
2 4 1278 1305 4354 12270
2 3 1317 4365 4321
2 3 1317 10259 10799
2 2 1330 12127
1 3 1352 4811 1806
2 3 1352 7834 10717
2 4 1352 4757 10333 10516
2 3 1352 7892 12024
1 4 1492 12404 12449 4626
2 3 1527 10457 12305
2 4 1559 10355 7543 12458
2 4 1559 10449 4650 1615
2 2 1580 13217
2 2 1580 12940
2 10 1588 4592 4649 10379 7670 12482 6811 783 6806 3944
2 2 1595 12437
2 3 1595 9796 9810
1 5 1615 12429 8110 1587 12735
1 2 1615 4464
1 2 1636 7604
2 4 1750 7778 1704 10648
1 2 1770 10666
2 3 1794 1779 10531
1 5 1794 11410 12594 4661 10218
2 3 1794 4734 7274
1 3 1806 7904 10798
2 5 1821 10133 12287 1233 12157
2 3 1821 9553 1750
2 4 1836 4772 4880 12667
2 3 1836 1752 12685
2 2 1836 3750
1 6 1838 4704 12598 1855 7870 1774
1 3 1896 4755 1636
1 2 1896 12861
1 2 1908 2054
2 2 1909 4957
2 2 1909 2038
2 2 1932 1891
2 2 1960 5084
2 2 1974 5084
2 2 1975 12707
2 2 1992 7978
1 2 1993 11194
1 2 1993 7963
2 2 2038 2094
1 2 2050 12731
1 2 2050 12900
2 2 2051 8032
1 3 2069 10848 4908
2 3 2081 4897 4978
1 2 2081 7963
2 3 2089 13366 8085
1 2 2094 7959
1 2 2106 10986
1 2 2106 12922
2 2 2120 5155
2 2 2123 5164
1 2 2123 2202
2 2 2152 12922
1 2 2171 7900
2 2 2180 12908
2 2 2195 8203
2 2 2195 12943
2 3 2195 2209 2152
2 2 2196 8182
1 2 2196 8183
1 4 2211 2203 5195 2197
1 2 2227 5168
2 2 2853 13059
2 5 2853 1852 7765 7817 10641
2 5 3021 6160 179 9138 11114
1 6 3022 6118 3096 3093 102 3180
1 6 3022 9139 11206 9227 11028 3021
2 5 3061 3161 204 6009 11105
2 5 3140 9060 11048 9111 187
2 4 3151 6174 11080 11186
2 4 3151 6174 6197 117
2 3 3152 11426 11127
2 7 3177 11110 9124 6100 3079 84 11086
2 8 3177 9232 11025 9155 3041 11133 11193 11124
2 6 3177 9232 6133 3146 9214 9370
1 4 3180 3188 3114 122
3 3 3205 3301 6301
2 3 3206 13262 399
2 2 3207 9496
3 2 3234 247
3 2 3234 3326
2 2 3258 3340
1 4 3263 3377 6396 6262
1 3 3263 11300 11235
2 3 3273 6395 9237
2 3 3295 279 3381
2 3 3295 3230 6259
3 3 3320 9404 9438
3 2 3320 6413
2 3 3320 9274 3393
3 3 3320 9295 11342
2 4 3325 3277 13263 399
2 3 3326 309 247
2 4 3335 6411 9384 9355
2 3 3369 6351 3422
2 4 3379 3329 276 385
2 3 3380 6402 6332
2 2 3380 3295
2 4 3381 17 9532 11558
2 4 3392 6546 9520 3496
2 2 3398 9443
1 4 3456 10108 7084 10735
2 4 3473 444 3532 6558
2 3 3488 13375 6583
3 2 3488 3547
1 9 3503 6516 3487 3439 9426 3774 9720 742 3726
1 2 3513 12211
2 2 3516 11519
3 3 3522 6487 9560
2 5 3529 6527 9474 3489 3478
2 4 3529 11474 520 3503
2 5 3542 6508 9477 463 9413
2 6 3542 9566 11553 6254 580 3580
2 4 3544 524 11385 11274
2 2 3544 6259
2 3 3544 467 6416
2 3 3549 9523 11506
1 4 3549 9578 553 11521
2 6 3549 9578 6599 11535 3579 6449
1 4 3553 6562 6590 9567
1 3 3553 6562 3414
2 3 3561 9524 6549
3 3 3561 11468 3522
3 2 3561 6524
2 2 3562 3430
2 2 3569 3553
2 2 3576 11483
2 2 3576 11606
2 3 3577 414 3430
2 4 3578 11523 9432 6601
2 7 3578 6539 3518 11423 6602 3555 3529
2 4 3580 9260 9328 9355
2 6 3580 457 3554 9579 11396 413
1 3 3585 3418 6440
2 3 3596 624 9595
2 2 3630 9771
2 4 3650 641 9590 6613
2 3 3652 817 3650
2 3 3655 6651 651
2 2 3659 3671
2 3 3659 655 6657
2 3 3659 9631 11600
1 3 3660 9633 673
2 3 3671 669 651
2 4 3681 667 9609 9607
2 4 3681 9644 6518 512
2 3 3701 6727 11670
2 3 3705 3299 571
2 3 3707 565 3577
2 4 3707 9683 6743 11670
1 3 3715 3712 3732
2 4 3731 3713 730 11659
2 8 3748 9707 731 11661 11690 728 6748 700
2 2 3780 773
2 2 3863 6882
2 3 3878 6911 9774
1 4 3882 907 935 949
1 3 3885 6926 925
2 2 3893 849
2 2 3893 922
2 4 3900 1052 12043 10068
2 5 3930 6948 3986 896 3938
1 4 3930 809 879 875
1 6 3951 6808 3907 9811 11792 940
1 3 3952 6982 6952
1 4 3952 3819 6842 9769
2 5 3960 2082 5085 3875 3972
1 4 3966 6831 9838 925
1 4 3975 801 3802 11800
2 2 3992 9984
2 3 3992 4038 4185
2 4 3992 7653 10501 10057
2 4 4032 10022 9969 4137
2 4 4037 7055 1124 9971
2 3 4058 1188 4032
2 2 4066 7540
2 3 4075 12048 1157
2 2 4075 1185
2 2 4080 1048
2 5 4080 9815 12070 9765 6933
2 2 4109 7127
2 5 4112 7130 10038 9941 10122
2 2 4112 928
1 4 4196 4169 10042 10012
1 2 4206 4088
2 5 4215 7281 7233 10140 12143
1 10 4222 10372 1608 7674 1489 10397 6904 9843 11761 10068
2 3 4245 12050 9935
2 5 4245 4062 4104 12063 10088
1 5 4251 10177 1353 4359 7404
1 5 4320 4361 1342 10279 7381
2 5 4321 4365 10296 12779 4414
1 3 4344 1412 7395
1 4 4379 1302 7280 12297
2 4 4414 5032 10208 7395
2 4 4414 10897 12734 8011
1 3 4416 10246 7363
1 3 4464 7668 7480
1 5 4469 1203 12078 12062 4058
1 5 4525 12331 12448 1551 4222
1 3 4548 12396 10447
2 2 4569 4449
2 2 4569 12305
2 4 4569 1523 12361 10717
1 2 4586 12624
2 2 4608 4306
1 5 4613 7075 4339 9988 10016
2 4 4616 7124 2843 9935
1 3 4626 1607 7603
2 5 4681 12174 7861 1790 7274
2 5 4724 7815 7886 12631 4665
2 4 4724 7744 4853 10570
2 3 4724 10639 12563
2 3 4735 1552 8054
2 2 4735 13217
2 2 4735 12391
2 3 4735 12519 7770
2 4 4797 10543 1791 1834
2 5 4797 1762 4837 10528 7835
2 5 4801 4862 7885 7823 10578
2 5 4801 4732 1798 10623 1834
1 6 4801 4732 10704 7806 12541 4858
2 5 4827 4767 1674 1790 7274
2 2 4851 2151
1 2 4851 12963
1 5 4858 7864 1781 4843 1838
1 4 4860 12585 1851 7760
2 2 4879 7770
1 2 4887 8032
1 2 4887 10832
2 3 4908 4977 1945
2 2 4925 1367
1 3 4946 7921 12873
2 3 4950 10030 12781
2 2 4957 8008
2 2 4972 5028
2 2 4989 12834
2 2 5026 4892
1 2 5034 12710
1 2 5037 12883
2 2 5039 5070
2 2 5039 2094
1 4 5043 8066 7049 10735
2 3 5115 8140 2218
1 2 5128 10993
1 2 5128 5222
1 2 5139 8244
1 2 5139 8207
2 2 5155 2216
2 2 5155 12971
2 3 5163 13000 8169
2 2 5163 10975
2 2 5164 2180
3 2 5177 2151
2 2 5177 5212
2 2 5199 12677
2 2 5199 7872
2 2 5199 2216
1 2 5199 12950
1 2 5221 12950
1 3 5223 8233 2218
1 2 5231 10697
3 2 5231 12648
2 4 6050 161 11082 11188
2 3 6115 11078 3021
2 3 6115 11184 11151
2 6 6164 3063 3375 3286 6406 3386
2 3 6164 9054 11114
2 5 6176 3049 9196 6072 100
2 3 6237 11382 9250
1 2 6237 11279
2 5 6245 6022 3176 3101 187
2 6 6245 9256 11236 9278 9356 6316
2 3 6245 3215 9343
2 5 6262 3292 11242 9411 9355
3 2 6263 6377
2 3 6280 560 3496
2 3 6282 349 3340
2 3 6282 537 3473
2 2 6282 3207
2 2 6286 6336
2 2 6286 9309
2 4 6287 6393 3260 3325
2 4 6292 3378 6344 9288
3 2 6301 7239
3 2 6314 3288
2 10 6316 214 3339 3387 330 3257 3302 275 232 396
2 5 6316 378 280 357 9267
2 7 6327 9325 3224 6253 9373 11356 6338
2 5 6327 3352 6374 6312 6357
2 7 6327 11375 9389 6370 11252 6358 9267
2 3 6332 11265 3288
2 3 6332 395 3384
2 3 6336 9335 9309
2 6 6338 260 404 3394 3294 11320
2 9 6357 9244 392 3382 11319 9299 11225 11377 9271
2 4 6364 3277 13263 399
2 2 6364 3206
2 4 6371 6220 11322 6292
2 4 6371 6326 11259 6242
3 3 6377 11493 3355
3 3 6377 3395 3234
2 3 6380 11282 9302
2 4 6380 301 11362 6316
2 2 6384 3205
3 2 6389 11331
1 2 6416 11430
3 2 6444 11560
3 4 6444 9486 9547 3398
3 4 6444 9486 3524 9443
3 2 6444 11494
2 2 6446 6560
2 2 6446 575
2 2 6446 11483
2 2 6455 3430
2 5 6455 476 9481 11490 6497
3 3 6464 13205 9427
1 2 6464 9567
2 2 6469 6570
2 2 6469 495
2 3 6469 6622 11346
2 3 6474 3421 6420
2 4 6474 6493 9430 9417
3 2 6488 589
2 2 6496 3262
2 2 6496 9574
2 3 6496 6500 11562
3 3 6521 3499 11545
2 3 6521 11444 3207
2 3 6524 3500 13116
2 4 6524 538 6501 3535
3 4 6524 538 6582 9560
2 4 6531 9505 11488 11516
2 3 6531 680 3652
2 3 6531 3669 3681
2 2 6533 3671
1 2 6542 11486
2 3 6549 11533 9443
2 2 6550 4112
3 3 6555 11529 11544
2 4 6558 388 11232 3381
2 2 6560 3576
2 3 6568 3530 6542
3 2 6568 589
2 2 6568 6555
1 4 6573 3565 11691 3548
2 3 6573 6751 3731
2 2 6583 9559
3 2 6583 11435
3 3 6584 11534 3577
2 4 6606 6985 1616 9907
2 3 6606 782 9924
2 2 6626 599
2 2 6647 11577
2 4 6657 9597 11565 9737
1 3 6667 11657 3630
2 3 6685 9624 11594
2 3 6685 3680 11625
1 4 6691 3684 9665 3703
1 2 6696 6974
2 3 6700 679 646
2 2 6700 11646
1 3 6732 3712 3715
1 4 6734 9686 11675 3892
2 3 6734 11673 9817
3 4 6747 3741 744 6584
3 3 6747 723 3707
2 2 6766 11702
2 3 6780 770 3772
1 6 6783 765 3752 3734 11729 6741
2 2 6788 3772
1 3 6793 782 9924
2 4 6855 11760 11776 831
2 3 6855 9760 971
2 3 6857 935 949
2 2 6857 6990
1 2 6862 3885
1 4 6867 874 877 3892
2 4 6867 13221 9770 9839
2 2 6875 6862
2 2 6882 3878
1 2 6889 9821
2 3 6890 4442 11800
2 4 6890 6874 827 6855
2 5 6890 6874 827 7528 971
2 3 6912 9887 6864
2 4 6912 11778 9921 928
2 5 6912 11778 9799 11848 4112
1 4 6912 11778 785 981
2 2 6923 6952
1 3 6923 893 11774
2 4 6923 893 9791 6990
2 3 6933 9765 3790
1 3 6943 11783 7045
1 2 6943 788
2 3 6950 6919 9868
2 4 6952 6814 6967 9919
1 4 6962 760 11711 11877
2 3 6986 9869 6933
2 5 7000 7109 10022 9969 4137
2 3 7000 7109 4032
2 2 7011 10005
2 3 7014 12076 4042
2 2 7014 12052
1 3 7045 7083 7138
1 4 7097 10517 12310 12017
2 2 7127 3401
2 6 7137 7650 4134 10431 7095 10404
1 3 7137 11926 10004
1 7 7137 4077 10459 1625 7606 7446 1319
1 2 7151 7107
2 2 7191 10101
2 2 7191 4042
1 2 7223 7642
3 2 7239 3369
1 3 7256 12767 1367
2 3 7274 10652 4665
1 3 7289 7629 4445
1 4 7289 10230 6719 3732
1 3 7319 10177 4251
2 4 7319 7376 12288 4223
1 3 7329 1279 4297
2 4 7363 4315 10808 8011
1 4 7381 12249 1386 7223
1 2 7394 11237
1 3 7395 7244 10190
1 3 7408 1427 12122
1 2 7408 7225
1 3 7427 4412 10297
1 3 7540 7568 7580
1 3 7580 9934 7625
1 2 7589 12938
1 5 7603 4175 1990 4496 7531
1 3 7604 1822 12861
1 4 7743 12690 12557 10578
1 4 7743 7697 1776 4809
1 6 7743 4745 13150 10567 1847 1588
2 4 7760 10587 4839 3750
2 2 7842 2151
2 5 7857 5283 543 11525 3569
2 2 7872 13217
1 3 7917 1179 3456
2 2 8008 5039
1 3 8011 12146 4344
2 2 8015 2012
2 3 8032 5066 10730
1 2 8034 1992
2 2 8054 12677
1 3 8056 1937 12772
2 2 8065 5070
1 4 8070 10867 12893 3972
2 3 8071 10836 7950
2 2 8071 12851
1 3 8079 7913 2011
2 3 8080 8024 4892
1 3 8113 8024 8080
1 3 8116 7930 10788
2 2 8116 12851
2 2 8169 2208
2 2 8182 12944
1 2 8193 12975
2 2 8202 12391
1 2 8223 11145
2 2 8245 5177
1 2 8245 7900
2 2 8245 8178
2 2 8435 6864
2 3 9206 6186 3061
2 4 9206 9100 3060 3151
2 10 9206 11162 3050 6150 3187 6052 9176 9078 2994 11159
2 10 9206 11162 3050 6150 3187 3133 11046 6153 9231 11092
2 5 9247 289 6354 11220 11241
2 4 9247 9371 11355 9288
2 6 9271 11256 3265 4324 7343 12270
2 7 9271 11256 3265 4324 4283 1305 1278
2 3 9279 6345 6287
2 5 9279 6345 9362 6412 3307
2 4 9288 546 9506 3542
1 3 9302 3327 3263
2 4 9303 3396 303 369
2 2 9315 6237
2 5 9317 9240 10323 7482 310
2 3 9340 9240 9317
2 2 9340 265
2 4 9343 11315 2999 187
2 4 9343 11326 366 9302
3 3 9347 6325 6263
2 6 9370 6383 11263 282 11387 6338
2 4 9413 3455 11397 418
2 5 9413 3557 6578 3508 11461
2 5 9413 11504 6507 9433 11437
2 6 9413 559 6495 6478 6451 9573
1 4 9416 11404 6470 3585
2 2 9417 11559
2 4 9417 11418 449 3478
2 5 9417 11434 9461 9476 523
2 2 9427 11430
2 2 9431 3262
2 3 9431 480 6560
2 3 9434 9578 3549
2 4 9450 12368 7611 720
1 3 9472 3546 5291
2 2 9472 13011
3 3 9483 9731 6314
3 4 9483 6229 3337 3288
3 5 9483 6229 3337 281 3384
2 3 9495 527 3495
3 4 9496 478 6441 11545
2 2 9496 3473
2 2 9498 3262
2 2 9503 6542
2 3 9503 549 563
2 3 9503 6712 11640
3 3 9503 549 11531
2 3 9509 11431 9443
3 2 9509 3355
2 3 9511 479 9546
2 3 9511 11467 6464
2 3 9511 9457 3414
2 6 9512 12521 4780 7800 1709 10696
2 5 9512 7846 4824 12696 1750
2 2 9517 11486
2 2 9517 6555
2 3 9525 11508 9495
2 2 9536 11606
2 2 9544 3392
2 3 9544 6484 11399
2 4 9544 3521 3458 6416
3 3 9548 577 3562
3 2 9548 6584
1 2 9559 5291
3 2 9560 11545
2 3 9561 11549 13011
2 2 9561 11506
2 3 9570 6462 11558
2 4 9570 3510 3460 6558
2 4 9573 11561 6423 11437
2 2 9574 11519
2 2 9595 6647
2 3 9602 9756 9771
1 3 9607 11576 590
2 3 9607 6644 3655
2 2 9611 11594
1 4 9612 9610 3796 3952
2 2 9612 9614
2 5 9617 6658 818 11588 3630
2 2 9617 674
2 3 9617 6658 9612
2 3 9635 687 3701
2 3 9648 11630 9661
1 3 9648 9646 596
2 4 9660 11663 9676 6720
2 3 9660 684 11646
2 2 9660 11625
2 3 9660 716 3731
2 3 9661 3700 9692
2 3 9661 11630 11627
2 3 9666 6693 692
2 3 9666 708 3705
2 2 9681 3703
2 3 9681 532 7857
2 3 9692 3716 11679
1 5 9699 6746 3920 4024 11825
2 2 9734 755
2 2 9767 3938
2 4 9767 3858 9852 11742
2 3 9769 649 9783
2 3 9769 649 9614
1 4 9771 11754 793 3952
2 4 9774 11660 6717 11650
2 5 9774 6911 9847 6909 9832
1 5 9774 6911 3806 9675 4445
1 3 9780 3896 6913
2 2 9783 9919
1 2 9809 6913
1 2 9809 9780
1 2 9809 9821
2 2 9810 831
1 4 9817 724 6941 3892
2 5 9831 930 4633 4506 1588
2 9 9831 11836 9927 6852 934 6898 3814 9905 3900
2 4 9839 9877 3926 6986
1 2 9849 6913
1 3 9849 11762 9780
2 3 9857 6901 3816
1 3 9857 6903 3902
1 6 9868 9954 10399 9858 11880 12318
1 3 9898 760 6962
2 2 9898 11877
2 3 9904 11751 6862
1 3 9904 9794 3885
1 3 9904 11846 923
2 2 9907 6946
2 3 9909 11891 3772
2 5 9910 11971 4691 11788 10666
2 4 9910 1831 4807 1866
1 2 9914 9780
1 2 9916 11895
2 3 9919 9902 922
2 4 9919 9902 11842 3893
1 3 9924 967 925
1 3 9932 3979 9868
2 2 9945 10113
1 3 9958 1004 1603
2 3 9958 7656 4066
2 2 9962 4171
2 2 9975 4064
2 6 10001 10255 4237 7297 7340 4321
2 2 10005 12049
1 3 10012 11961 9984
2 3 10013 1194 10070
1 2 10013 4097
2 2 10013 10113
1 3 10016 4397 12297
1 4 10024 1093 9903 832
1 3 10044 1153 4185
1 3 10044 11937 1171
2 2 10068 4137
2 2 10070 7069
2 3 10070 1194 10113
2 3 10076 7120 10101
2 2 10076 12052
2 3 10076 1089 4091
1 3 10088 10116 11924
1 4 10105 11983 7044 4152
2 2 10105 11981
2 2 10105 7135
2 5 10105 4023 7192 10050 7137
1 4 10122 12096 1119 1005
1 2 10171 12114
1 3 10171 4557 12420
2 7 10239 4281 7326 7383 4337 1303 12143
2 5 10239 10308 1680 1662 12619
2 4 10253 12294 1314 4303
1 2 10265 1221
1 8 10265 7323 10165 1415 12253 10167 10298 4101
1 2 10271 3513
2 4 10278 1344 12734 8011
2 6 10278 7436 4420 10808 4315 7363
1 3 10297 12255 12271
1 4 10297 13409 1376 12215
2 4 10311 12226 11950 12114
1 3 10313 4424 7427
1 3 10313 4367 12271
2 2 10337 12341
2 2 10347 7638
1 3 10362 12336 10347
1 3 10380 12325 12498
1 4 10390 10402 1555 1568
1 3 10390 12394 12409
2 3 10398 1357 12360
2 3 10398 12345 7531
1 2 10400 2171
1 3 10404 4480 12017
1 4 10404 7095 1597 4152
1 6 10404 7095 10431 12436 4532 4504
2 3 10438 10425 12360
1 3 10438 12264 4251
1 2 10438 12431
2 3 10447 4436 7638
1 3 10447 4589 1598
1 2 10509 12488
1 3 10515 1449 5163
1 3 10516 1678 1770
2 6 10531 10713 12509 7804 1676 10627
1 4 10578 10647 4873 4222
2 6 10578 7823 12533 7860 1696 7835
2 5 10627 12610 4882 1791 1834
2 4 10627 10646 4690 12563
2 6 10696 12679 4806 7687 7825 7274
2 6 10696 4700 1835 1765 1824 4827
2 4 10696 1709 10568 12619
2 4 10711 4794 4749 7840
2 3 10711 4610 7760
2 2 10730 10832
1 2 10747 5026
1 2 10762 5070
2 2 10764 10908
1 2 10773 10730
1 2 10773 12712
2 5 10778 9829 5001 7485 12458
1 6 10778 9829 8025 5103 1618 1806
2 2 10778 3960
1 4 10788 7930 7954 7950
1 4 10788 7930 7954 12707
2 3 10799 5032 4414
1 2 10803 10762
1 2 10820 5028
2 2 10827 12744
2 3 10827 8052 1960
2 3 10827 4033 10764
1 2 10831 1992
1 2 10842 10886
1 3 10866 1971 10735
1 2 10886 12823
1 2 10889 10773
2 2 10919 12874
2 2 10919 12731
2 2 10928 12991
1 2 10930 5221
2 2 10959 5115
2 3 10959 2181 10994
1 2 10966 12391
1 2 10986 12943
2 2 10986 2208
2 3 11012 8078 1974
2 6 11086 3164 9222 9043 3135 9200
2 4 11092 6094 9118 11159
2 4 11105 9129 9194 3083
2 7 11124 6288 12203 4356 12244 6278 11320
2 6 11147 11040 9151 205 130 9088
2 4 11147 49 3148 156
2 7 11147 3045 9117 6127 35 9185 11188
2 4 11151 171 6310 383
2 7 11159 90 6057 9190 152 57 3140
2 4 11188 9109 9209 6164
3 2 11221 6103
2 4 11235 11284 6252 3335
2 4 11237 9310 303 369
2 3 11241 9323 6371
2 3 11260 388 6558
2 3 11264 11233 11346
2 2 11264 11360
2 2 11274 11301
2 4 11279 9268 6221 11471
2 3 11279 9268 11221
2 3 11293 3359 369
2 3 11301 11247 3392
2 3 11312 3254 400
2 2 11312 3384
3 3 11317 11297 9250
2 3 11318 9335 6336
2 2 11318 9309
2 7 11320 6278 7403 7431 6285 291 1278
3 3 11331 11305 321
2 4 11370 11216 9236 6413
2 3 11370 216 6292
3 2 11374 6103
2 3 11380 11082 11188
2 4 11380 11390 3229 299
3 3 11435 9575 11531
3 3 11435 11470 3547
3 3 11435 11470 11494
2 2 11456 6496
2 4 11461 486 3466 6474
2 3 11461 3531 418
2 3 11465 503 3495
2 2 11465 9495
2 3 11465 11616 11600
3 2 11471 3369
3 3 11471 9239 11221
2 5 11477 441 550 11490 6497
2 4 11479 536 6580 11399
2 4 11479 491 11427 3562
2 3 11491 9725 512
2 2 11506 11491
1 2 11516 9559
2 3 11519 6537 3488
1 4 11521 11535 3579 6449
1 3 11521 3523 3495
2 2 11542 6440
2 4 11542 9421 6592 7857
3 2 11544 9416
3 2 11544 571
3 2 11545 3535
2 2 11558 9546
2 2 11559 6783
2 8 11559 585 426 6417 775 3779 11727 3748
2 3 11560 3558 563
3 2 11560 589
2 2 11562 9574
2 2 11577 619
2 2 11581 3596
1 4 11581 3592 3601 13252
2 2 11581 9611
2 2 11584 3604
2 4 11586 11583 6634 9602
2 2 11594 9595
2 2 11600 6657
2 3 11606 3447 9472
2 2 11625 6700
2 4 11625 6670 3623 619
2 3 11627 3670 9611
2 3 11627 3670 6685
1 4 11639 6679 11605 6667
1 2 11640 663
3 3 11649 3722 568
2 3 11649 705 3686
2 3 11650 11680 9836
2 3 11654 9664 9836
2 3 11666 6739 9692
2 2 11666 9661
2 5 11666 6739 3718 557 3569
2 3 11679 9690 3731
2 4 11679 6561 9537 6573
2 3 11679 3716 6720
2 3 11683 574 9573
2 3 11738 865 6846
2 2 11738 788
1 3 11742 888 832
2 5 11742 888 3891 3799 6906
1 4 11747 9844 6938 979
2 5 11758 847 3850 880 11800
2 5 11758 847 6872 702 9836
2 2 11768 6986
2 3 11771 846 9831
2 6 11771 987 3895 3839 3970 6981
1 4 11773 11874 11824 9772
1 5 11798 11851 6902 13230 9839
1 3 11798 11749 4080
1 3 11798 931 3930
2 2 11805 11768
2 3 11805 970 980
1 3 11811 3851 947
2 3 11818 3526 6857
2 4 11825 9846 3874 6867
2 2 11833 6875
2 2 11833 6946
2 3 11834 11849 11877
1 2 11858 9821
2 2 11901 3943
1 3 11924 11978 10001
2 2 11928 4091
2 2 11964 10005
2 4 12024 10340 11802 10798
2 3 12024 10340 4586
1 2 12029 1088
2 4 12052 10034 7120 10101
2 2 12064 10400
1 2 12064 4556
2 6 12143 12170 1360 10164 4227 4303
1 4 12149 7291 4417 7289
2 4 12157 7401 10256 4215
2 3 12189 4805 12261
2 9 12189 7266 3963 12136 1343 7249 4841 7868 1742
2 4 12210 1302 7280 12297
1 2 12210 4379
2 5 12270 1378 1406 4261 4215
2 6 12270 12298 4322 7438 7370 10253
1 5 12271 1392 1348 10227 7329
1 6 12279 4228 1311 1340 4373 1224
2 3 12305 7626 954
1 3 12332 9988 10016
2 3 12332 7516 12360
2 3 12341 1927 12782
2 3 12341 10861 3960
2 3 12360 10425 12431
1 2 12364 10515
1 3 12364 1555 1568
1 2 12409 1639
1 3 12409 1596 12998
1 3 12416 11759 9823
1 2 12453 10515
2 2 12467 7625
2 2 12467 4619
2 3 12473 7140 1088
2 4 12479 2185 5172 10980
1 2 12479 10432
2 2 12489 12458
2 5 12489 10477 4625 4540 4449
1 3 12498 12470 1480
1 4 12501 10824 10192 12735
2 2 12504 12677
2 2 12504 5221
2 2 12504 5199
2 3 12543 7848 4809
1 2 12561 10711
2 4 12586 10676 12513 1352
2 2 12586 10666
2 3 12603 3769 10552
2 4 12603 1788 3721 12688
2 6 12619 1418 1229 12285 12115 12143
1 3 12624 7762 10798
1 3 12624 2055 3972
1 3 12627 1738 4586
2 5 12641 7786 12665 10708 10578
3 2 12648 12064
2 3 12667 10595 12586
2 3 12667 12620 3750
1 4 12685 1870 12597 12588
2 2 12688 4872
2 3 12688 12145 12685
2 2 12707 7950
2 2 12710 4948
2 2 12710 8015
2 2 12712 10730
2 2 12731 12817
1 5 12732 5057 12776 5031 10899
1 4 12735 7422 860 12498
1 4 12735 7422 4756 7480
1 5 12735 7422 860 7640 10380
2 2 12744 10908
2 2 12747 12858
2 2 12751 4927
2 2 12751 4957
2 2 12751 8008
2 2 12751 5045
2 4 12781 5019 11950 12114
2 2 12781 10311
2 2 12817 1932
1 3 12829 1199 4106
1 3 12829 1103 4064
2 3 12830 11108 1974
2 2 12830 11012
2 2 12834 12747
2 2 12843 12874
1 3 12844 7998 2054
2 2 12851 7950
2 3 12854 12799 4950
2 2 12858 1909
1 4 12859 13216 12833 2069
1 3 12887 4918 2040
1 2 12891 12747
3 2 12900 1932
3 2 12900 1992
2 4 12902 12916 5165 8203
1 2 12922 12943
1 4 12938 7476 12923 2218
1 4 12938 7476 8210 12479
2 2 12940 8214
1 2 12944 2202
1 2 12950 12908
1 2 12950 5155
2 2 12963 1580
2 2 12963 8214
2 2 12964 2106
2 2 12971 2180
1 2 12975 2115
1 6 12991 5065 12840 10818 10891 1966
1 2 12998 12494
1 3 13011 3546 5291
2 4 13011 551 6949 11491
2 2 13116 11417
1 3 13116 11445 6549
1 3 13252 591 11901
