1 100
1 117
1 121
1 122
1 156
1 160
1 187
1 247
1 265
1 296
1 299
1 306
1 310
1 321
1 332
1 334
1 337
1 351
1 354
1 369
1 377
1 383
1 385
1 391
1 396
1 399
1 400
1 413
1 417
1 418
1 464
1 466
1 485
1 495
1 512
1 514
1 516
1 519
1 521
1 523
1 525
1 563
1 568
1 571
1 575
1 587
1 589
1 590
1 596
1 599
1 603
1 619
1 620
1 646
1 651
1 657
1 663
1 673
1 674
1 678
1 692
1 700
1 704
1 720
1 736
1 740
1 758
1 773
1 778
1 788
1 792
1 819
1 831
1 832
1 833
1 849
1 875
1 885
1 911
1 923
1 925
1 928
1 940
1 947
1 949
1 954
1 957
1 971
1 979
1 980
1 981
1 1005
1 1047
1 1048
1 1061
1 1065
1 1069
1 1083
1 1086
1 1088
1 1106
1 1145
1 1157
1 1171
1 1176
1 1185
1 1200
1 1221
1 1224
1 1277
1 1278
1 1317
1 1319
1 1330
1 1349
1 1352
1 1367
1 1400
1 1459
1 1480
1 1492
1 1527
1 1559
1 1568
1 1580
1 1588
1 1595
1 1598
1 1603
1 1612
1 1614
1 1615
1 1636
1 1639
1 1742
1 1750
1 1770
1 1772
1 1774
1 1794
1 1804
1 1806
1 1821
1 1834
1 1836
1 1838
1 1866
1 1891
1 1908
1 1909
1 1914
1 1919
1 1945
1 1960
1 1966
1 1974
1 1975
1 1992
1 1993
1 2004
1 2011
1 2012
1 2038
1 2040
1 2050
1 2051
1 2054
1 2069
1 2089
1 2097
1 2106
1 2115
1 2120
1 2123
1 2151
1 2152
1 2171
1 2180
1 2195
1 2196
1 2197
1 2208
1 2211
1 2216
1 2218
1 2227
1 2853
1 3010
1 3021
1 3022
1 3061
1 3083
1 3140
1 3151
1 3152
1 3177
1 3180
1 3205
1 3207
1 3234
1 3262
1 3263
1 3273
1 3288
1 3296
1 3307
1 3320
1 3325
1 3335
1 3355
1 3369
1 3381
1 3384
1 3386
1 3392
1 3398
1 3401
1 3414
1 3430
1 3456
1 3473
1 3478
1 3488
1 3495
1 3496
1 3503
1 3513
1 3516
1 3522
1 3529
1 3542
1 3544
1 3548
1 3549
1 3552
1 3562
1 3569
1 3577
1 3578
1 3580
1 3585
1 3596
1 3630
1 3650
1 3652
1 3655
1 3663
1 3686
1 3701
1 3703
1 3705
1 3715
1 3726
1 3731
1 3732
1 3748
1 3750
1 3772
1 3790
1 3816
1 3863
1 3878
1 3885
1 3892
1 3900
1 3902
1 3906
1 3922
1 3930
1 3938
1 3943
1 3944
1 3951
1 3952
1 3956
1 3957
1 3959
1 3960
1 3966
1 3972
1 3973
1 3975
1 3992
1 4010
1 4032
1 4037
1 4042
1 4053
1 4058
1 4066
1 4075
1 4076
1 4080
1 4091
1 4097
1 4101
1 4106
1 4109
1 4112
1 4115
1 4137
1 4139
1 4152
1 4159
1 4171
1 4185
1 4189
1 4196
1 4211
1 4215
1 4222
1 4223
1 4245
1 4251
1 4287
1 4297
1 4303
1 4306
1 4320
1 4321
1 4344
1 4345
1 4379
1 4401
1 4414
1 4416
1 4449
1 4464
1 4469
1 4504
1 4525
1 4548
1 4556
1 4569
1 4586
1 4597
1 4608
1 4613
1 4616
1 4619
1 4626
1 4652
1 4665
1 4681
1 4724
1 4735
1 4797
1 4801
1 4809
1 4827
1 4858
1 4860
1 4872
1 4879
1 4887
1 4892
1 4908
1 4925
1 4927
1 4948
1 4950
1 4972
1 4978
1 4989
1 5010
1 5026
1 5034
1 5037
1 5043
1 5070
1 5097
1 5107
1 5115
1 5128
1 5139
1 5163
1 5167
1 5168
1 5177
1 5199
1 5220
1 5221
1 5223
1 5231
1 6050
1 6103
1 6115
1 6164
1 6176
1 6237
1 6242
1 6245
1 6259
1 6262
1 6280
1 6282
1 6286
1 6292
1 6301
1 6314
1 6316
1 6327
1 6338
1 6357
1 6371
1 6380
1 6384
1 6389
1 6413
1 6416
1 6420
1 6440
1 6449
1 6455
1 6464
1 6474
1 6497
1 6521
1 6524
1 6531
1 6534
1 6542
1 6550
1 6573
1 6584
1 6601
1 6606
1 6613
1 6626
1 6631
1 6647
1 6657
1 6685
1 6691
1 6696
1 6700
1 6720
1 6723
1 6732
1 6734
1 6741
1 6747
1 6766
1 6780
1 6783
1 6793
1 6817
1 6843
1 6845
1 6846
1 6855
1 6857
1 6867
1 6875
1 6890
1 6906
1 6913
1 6923
1 6933
1 6943
1 6950
1 6962
1 6981
1 6990
1 6999
1 7005
1 7011
1 7014
1 7045
1 7071
1 7097
1 7118
1 7132
1 7133
1 7135
1 7137
1 7138
1 7151
1 7213
1 7223
1 7225
1 7250
1 7256
1 7274
1 7289
1 7295
1 7319
1 7329
1 7363
1 7381
1 7391
1 7394
1 7404
1 7408
1 7427
1 7433
1 7480
1 7527
1 7531
1 7540
1 7546
1 7589
1 7598
1 7603
1 7622
1 7625
1 7638
1 7642
1 7743
1 7760
1 7775
1 7835
1 7840
1 7900
1 7917
1 7950
1 7959
1 7963
1 7978
1 7996
1 8017
1 8034
1 8056
1 8065
1 8070
1 8079
1 8178
1 8182
1 8183
1 8193
1 8202
1 8207
1 8219
1 8244
1 9088
1 9200
1 9206
1 9237
1 9247
1 9267
1 9271
1 9288
1 9302
1 9315
1 9317
1 9343
1 9355
1 9370
1 9413
1 9416
1 9417
1 9438
1 9443
1 9450
1 9472
1 9483
1 9495
1 9511
1 9512
1 9544
1 9546
1 9548
1 9559
1 9561
1 9573
1 9601
1 9602
1 9620
1 9648
1 9660
1 9692
1 9699
1 9727
1 9737
1 9764
1 9767
1 9772
1 9774
1 9780
1 9810
1 9814
1 9817
1 9823
1 9831
1 9836
1 9839
1 9849
1 9857
1 9868
1 9898
1 9909
1 9910
1 9914
1 9932
1 9935
1 9945
1 9962
1 9984
1 10001
1 10004
1 10012
1 10013
1 10057
1 10058
1 10061
1 10062
1 10063
1 10068
1 10080
1 10088
1 10105
1 10106
1 10171
1 10172
1 10218
1 10232
1 10239
1 10253
1 10263
1 10265
1 10271
1 10278
1 10311
1 10337
1 10347
1 10362
1 10370
1 10377
1 10380
1 10390
1 10398
1 10404
1 10432
1 10438
1 10509
1 10515
1 10531
1 10552
1 10570
1 10578
1 10627
1 10641
1 10648
1 10671
1 10688
1 10696
1 10711
1 10747
1 10760
1 10762
1 10778
1 10788
1 10793
1 10798
1 10799
1 10803
1 10827
1 10840
1 10842
1 10855
1 10899
1 10904
1 10912
1 10919
1 10928
1 10946
1 10959
1 10975
1 10976
1 10980
1 10993
1 11086
1 11092
1 11105
1 11106
1 11114
1 11124
1 11127
1 11145
1 11147
1 11151
1 11159
1 11186
1 11188
1 11235
1 11241
1 11260
1 11274
1 11320
1 11342
1 11350
1 11360
1 11370
1 11380
1 11437
1 11461
1 11477
1 11479
1 11491
1 11539
1 11542
1 11559
1 11639
1 11650
1 11654
1 11670
1 11683
1 11702
1 11707
1 11738
1 11742
1 11746
1 11747
1 11758
1 11771
1 11800
1 11818
1 11825
1 11924
1 11928
1 11969
1 12017
1 12029
1 12049
1 12064
1 12113
1 12118
1 12122
1 12127
1 12142
1 12143
1 12144
1 12149
1 12157
1 12189
1 12210
1 12211
1 12215
1 12261
1 12270
1 12271
1 12279
1 12297
1 12318
1 12332
1 12341
1 12349
1 12360
1 12416
1 12420
1 12431
1 12458
1 12494
1 12498
1 12501
1 12543
1 12561
1 12563
1 12586
1 12588
1 12619
1 12627
1 12641
1 12667
1 12685
1 12688
1 12732
1 12735
1 12747
1 12782
1 12823
1 12827
1 12829
1 12843
1 12844
1 12858
1 12859
1 12883
1 12902
1 12908
1 13059
